305290
343374
744185
497195
344711
234704
934903
869873
880970
994844
311988
426280
401824
563945
884446
276466
409517
926733
261773
277696
757189
754435
981216
459534
422923
101751
188890
181177
685718
686871
474728
952528
979593
370411
407893
209449
619964
538332
625855
519464
939687
715330
995383
660317
609367
217096
292200
387745
588719
347530
258386
204004
616875
259155
725877
870436
588977
138763
954035
449119
741312
695203
792409
856678
840170
120076
221610
734163
234903
198123
571446
502917
697740
273181
104314
770825
788549
573560
597674
191966
109495
856080
133030
647350
345283
207535
446190
387176
745755
595523
950414
739093
404293
469265
421869
199934
588228
965575
350964
878789
